image: 78.pgm
resolution: 0.050000
origin: [-15.002400, -13.295538, 0.000000]
negate: 0
occupied_thresh: 0.65
free_thresh: 0.196

