image: campus.pgm
resolution: 0.100000
origin: [-18.665900, -16.970500, 0.000000]
negate: 0
occupied_thresh: 0.65
free_thresh: 0.196

