image: empty_room_20x20.pgm
resolution: 0.100000
origin: [-13.630480, -13.498890, 0.000000]
negate: 0
occupied_thresh: 0.65
free_thresh: 0.196

