image: sector_stereo_world.pgm
resolution: 0.050000
origin: [-10.217199, -10.117600, 0.000000]
negate: 0
occupied_thresh: 0.65
free_thresh: 0.196