image: sector_world.pgm
resolution: 0.100000
origin: [-13.842400, -13.767600, 0.000000]
negate: 0
occupied_thresh: 0.65
free_thresh: 0.196

