image: 59.pgm
resolution: 0.020000
origin: [-9.955517, -9.823917, 0.000000]
negate: 0
occupied_thresh: 0.65
free_thresh: 0.196

